2 3
H2O2 3.401460e+01
2 2 0
0.000000e+00 -1.470380e+05 0.000000e+00
2
3.0093237305e+02 3.2118118286e+01 -9.5292378683e-04 9.7532495856e-02 2.3279724121e+02 -3.1403945923e+02 2.4998713684e+02 2.9814999390e+02 2.2000000000e+03
3.7368060457e+02 6.7821592350e+01 -6.3214662529e-02 3.4119361056e+00 3.1270064688e+01 -1.4871859203e+01 4.7377291276e+00 2.2000000000e+03 6.0000000000e+03
H2F2 4.001260e+01
2 0 2
0.000000e+00 -5.837930e+05 0.000000e+00
2
4.2353814697e+02 6.5745170593e+01 -3.0872246716e-03 7.6706743240e-01 -2.3671556473e+01 1.5085647583e+02 -1.8166958618e+02 2.9814999390e+02 2.2000000000e+03
4.2783789874e+02 7.7464451016e+01 -1.1070921639e-01 3.8784860589e+00 8.1988313312e+00 -2.5062602170e+00 2.2276631054e-01 2.2000000000e+03 6.0000000000e+03
